Epoch	AverageEpRet	StdEpRet	MaxEpRet	MinEpRet	EpLen	AverageVVals	StdVVals	MaxVVals	MinVVals	TotalEnvInteracts	LossPi	LossV	DeltaLossPi	DeltaLossV	Entropy	KL	ClipFrac	StopIter	Time
0	0.49388	0.49996254	1.0	0.0	1.0	-0.10461198	0.109363854	0.5106574	-0.59557384	25000	0.018451579	2.161104	-0.01396293	-2.160101	2.2916505	0.021122402	0.21112	2.0	295.7907681465149
1	0.49976	0.49999994	1.0	0.0	1.0	0.49515024	0.8610641	2.114033	-0.12262289	50000	0.0073710475	0.001005506	-0.0026106653	-0.0005723748	2.3138802	0.02437238	0.18708	0.0	567.5761475563049
2	0.4986	0.49999803	1.0	0.0	1.0	0.4852898	0.8605775	2.0802286	-0.08960231	75000	0.004212554	0.00044980628	-0.0022126974	-0.00017423168	2.3183284	0.029994506	0.17484	0.0	834.5608093738556
3	0.49652	0.4999879	1.0	0.0	1.0	0.4774789	0.85985094	2.0626683	-0.08303638	100000	0.00084016984	0.0002891771	-0.001980584	-8.668985e-05	2.3207014	0.031094417	0.1668	0.0	1097.5511910915375
4	0.50404	0.49998364	1.0	0.0	1.0	0.4892901	0.8681352	2.05436	-0.06938735	125000	0.0014594104	0.0002043441	-0.0012972647	-4.806994e-05	2.3210738	0.03434086	0.16708	0.0	1364.729050397873
5	0.50572	0.4999673	1.0	0.0	1.0	0.4871989	0.86632335	2.0438993	-0.06492262	150000	0.0012511103	0.00015937329	-0.0010049342	-3.3094024e-05	2.3238478	0.036575355	0.1666	0.0	1631.692370414734
6	0.50496	0.49997535	1.0	0.0	1.0	0.48653665	0.86644924	2.042395	-0.061936732	175000	-0.0020690865	0.00013152267	-0.0012273148	-2.3556713e-05	2.3262568	0.04167675	0.16564	0.0	1899.8410866260529
7	0.49092	0.49991757	1.0	0.0	1.0	0.47278795	0.8574383	2.0375676	-0.05199715	200000	-0.0005885849	0.00011125995	-0.0010260909	-1.8636507e-05	2.3276157	0.043668866	0.16332	0.0	2159.3432195186615
8	0.4974	0.49999323	1.0	0.0	1.0	0.48291174	0.86330014	2.031288	-0.0519289	225000	-0.004172431	9.3678376e-05	-0.000989805	-1.4824756e-05	2.331686	0.046003364	0.1682	0.0	2411.755090236664
9	0.49648	0.4999876	1.0	0.0	1.0	0.4792741	0.8601646	2.0258758	-0.04983279	250000	-0.003952398	8.12664e-05	-0.0011427375	-1.1806951e-05	2.3332841	0.049782533	0.16728	0.0	2677.5850615501404
10	0.49952	0.4999998	1.0	0.0	1.0	0.4838792	0.8631909	2.031207	-0.050303288	275000	-0.0043295715	7.330457e-05	-0.0013754256	-1.0286967e-05	2.3364341	0.0519629	0.1712	0.0	2962.038813829422
11	0.49168	0.49993077	1.0	0.0	1.0	0.4730699	0.8564018	2.0227053	-0.045452	300000	-0.0049126465	6.555807e-05	-0.0014936267	-8.877443e-06	2.3381176	0.054701593	0.17628	0.0	3228.0848410129547
12	0.48572	0.49979606	1.0	0.0	1.0	0.46827644	0.85340637	2.0196586	-0.041148458	325000	-0.00524765	5.8336584e-05	-0.0013267128	-7.5439166e-06	2.3394186	0.05364464	0.17704	0.0	3493.9409296512604
13	0.50888	0.4999211	1.0	0.0	1.0	0.4929654	0.8678036	2.0274808	-0.04149804	350000	-0.0064010145	5.298021e-05	-0.0013389722	-6.560058e-06	2.335931	0.051342387	0.17096	0.0	3757.6121640205383
14	0.50408	0.49998337	1.0	0.0	1.0	0.4906992	0.8659603	2.0190673	-0.037968833	375000	-0.0057593593	4.810853e-05	-0.0015639504	-5.943726e-06	2.3391194	0.052753516	0.17408	0.0	4023.809350013733
15	0.4806	0.4996235	1.0	0.0	1.0	0.4640202	0.8489462	2.021492	-0.03786419	400000	-0.008809347	4.3643322e-05	-0.0010656277	-5.2731157e-06	2.3380756	0.05220668	0.17728	0.0	4289.035041332245
16	0.50212	0.4999955	1.0	0.0	1.0	0.4843532	0.8616639	2.0252068	-0.03596109	425000	-0.008437674	4.0509338e-05	-0.0013559572	-5.0287454e-06	2.3368921	0.05027611	0.17908	0.0	4554.708259105682
17	0.49804	0.49999616	1.0	0.0	1.0	0.48355415	0.8608746	2.0160806	-0.03543549	450000	-0.012525347	3.6116864e-05	-0.0011829305	-4.2778265e-06	2.3320513	0.048655562	0.1742	0.0	4818.42831158638
18	0.4976	0.49999428	1.0	0.0	1.0	0.48480386	0.86084896	2.017155	-0.032871854	475000	-0.010915276	3.3744695e-05	-0.0013110843	-3.7668433e-06	2.3293984	0.046811182	0.17644	0.0	5083.642117023468
19	0.50688	0.49995264	1.0	0.0	1.0	0.49428245	0.8659896	2.014607	-0.031452965	500000	-0.012040898	3.131742e-05	-0.0014313161	-3.5427474e-06	2.3271248	0.04430368	0.17508	0.0	5349.543323278427
20	0.4936	0.49995902	1.0	0.0	1.0	0.4778402	0.8571852	2.0161257	-0.03142535	525000	-0.013238391	2.8920362e-05	-0.0017178748	-3.209736e-06	2.3282888	0.043930747	0.16804	0.0	5628.837551355362
21	0.497	0.49999103	1.0	0.0	1.0	0.4843584	0.8599088	2.0153475	-0.030937765	550000	-0.014376079	2.7323636e-05	-0.0018615527	-2.8996965e-06	2.3266928	0.043911453	0.1682	0.0	5890.812863588333
22	0.4936	0.499959	1.0	0.0	1.0	0.48313066	0.8593043	2.018104	-0.03087242	575000	-0.015197356	2.5329604e-05	-0.0020643128	-2.758421e-06	2.327926	0.041241776	0.16208	0.0	6157.465303659439
23	0.50492	0.49997583	1.0	0.0	1.0	0.49315906	0.8651394	2.0111878	-0.031957194	600000	-0.017669693	2.3364382e-05	-0.0019170679	-2.4875535e-06	2.3257706	0.041014828	0.15672	0.0	6424.886298418045
24	0.5108	0.49988338	1.0	0.0	1.0	0.4966254	0.8669444	2.0108378	-0.026195703	625000	-0.01747274	2.2384209e-05	-0.002027167	-2.4113724e-06	2.327539	0.041185	0.15712	0.0	6689.474348068237
25	0.50448	0.49997994	1.0	0.0	1.0	0.48978826	0.8627986	2.0118644	-0.031570904	650000	-0.019511487	2.1183867e-05	-0.001910761	-2.2627319e-06	2.329286	0.041011833	0.15104	0.0	6954.88279914856
26	0.50432	0.49998137	1.0	0.0	1.0	0.48969015	0.8624308	2.0095608	-0.026391359	675000	-0.021648569	1.988125e-05	-0.002134854	-2.0961816e-06	2.3315277	0.039850555	0.14716	0.0	7221.82981133461
27	0.50112	0.49999875	1.0	0.0	1.0	0.48461434	0.8593793	2.0129242	-0.02329604	700000	-0.024137007	1.8487734e-05	-0.0018508937	-2.0451098e-06	2.3288057	0.04090303	0.14604	0.0	7489.506042003632
28	0.50404	0.49998367	1.0	0.0	1.0	0.491336	0.8630368	2.0104468	-0.024320913	725000	-0.023566201	1.7294708e-05	-0.0020295586	-1.8561859e-06	2.3301742	0.03887839	0.14996	0.0	7734.152264595032
29	0.48648	0.4998172	1.0	0.0	1.0	0.4740931	0.8524942	2.0099497	-0.024031222	750000	-0.025256366	1.6551461e-05	-0.0019142125	-1.8012879e-06	2.3298411	0.038446795	0.14852	0.0	7977.98023557663
30	0.50372	0.49998617	1.0	0.0	1.0	0.49126366	0.8628826	2.0128062	-0.02347351	775000	-0.026067128	1.5358253e-05	-0.0020932965	-1.6434824e-06	2.3255165	0.03510903	0.14656	0.0	8236.561706781387
31	0.49516	0.4999766	1.0	0.0	1.0	0.4826502	0.8582761	2.007679	-0.023339996	800000	-0.029688315	1.4834808e-05	-0.0022621285	-1.6133617e-06	2.3242018	0.03471015	0.15036	0.0	8485.344351053238
32	0.50056	0.49999967	1.0	0.0	1.0	0.48890594	0.8612679	2.0093422	-0.022255622	825000	-0.030763848	1.3956697e-05	-0.002658112	-1.5276601e-06	2.320026	0.030626137	0.15036	0.0	8750.787472486496
33	0.50612	0.4999625	1.0	0.0	1.0	0.49493566	0.8640686	2.0070775	-0.02106858	850000	-0.03428496	1.31667075e-05	-0.0027708337	-1.4517364e-06	2.3161576	0.028348496	0.1526	0.0	9016.663495063782
34	0.50264	0.49999297	1.0	0.0	1.0	0.49297285	0.863009	2.004733	-0.023498798	875000	-0.035316367	1.2373534e-05	-0.0028797574	-1.3454664e-06	2.312811	0.024574043	0.15516	0.0	9272.980320453644
35	0.50144	0.4999979	1.0	0.0	1.0	0.4916009	0.8624103	2.0042043	-0.019414404	900000	-0.03826787	1.1469651e-05	-0.0029998273	-1.259662e-06	2.303595	0.022041496	0.16804	0.0	9517.481672525406
36	0.50372	0.49998614	1.0	0.0	1.0	0.4954765	0.8644016	2.0043612	-0.019859932	925000	-0.039614286	1.0962141e-05	-0.0035050884	-1.2473429e-06	2.3012621	0.018153548	0.1788	0.0	9764.242135286331
37	0.50536	0.49997127	1.0	0.0	1.0	0.4941165	0.8633499	2.0043368	-0.023515753	950000	-0.04114644	1.03498205e-05	-0.0033808276	-1.1600332e-06	2.294425	0.016203323	0.18676	0.0	10007.605794429779
38	0.49772	0.4999948	1.0	0.0	1.0	0.48882896	0.8604374	2.0059214	-0.01957547	975000	-0.044414937	9.812558e-06	-0.0026582107	-1.1025877e-06	2.2866495	0.01415538	0.20444	0.0	10251.25831246376
39	0.4934	0.49995643	1.0	0.0	1.0	0.4802838	0.85543954	2.004417	-0.019886516	1000000	-0.04629349	9.140293e-06	-0.070710145	-6.226701e-07	2.2800207	0.018544983	0.63948	15.0	10496.883405923843
40	0.51584	0.49974903	1.0	0.0	1.0	0.5055125	0.86949724	2.0065846	-0.021081923	1025000	-0.09992867	9.184594e-06	-0.0057846084	-1.0731437e-06	2.2709682	0.019072514	0.61764	0.0	10759.852532625198
41	0.5	0.5	1.0	0.0	1.0	0.48709315	0.8587577	2.0059304	-0.019167125	1050000	-0.10426754	8.678479e-06	-0.005605899	-1.0010408e-06	2.281729	0.03308319	0.64232	0.0	11004.382858753204
42	0.4954	0.49997884	1.0	0.0	1.0	0.4850999	0.8579113	2.004074	-0.018490063	1075000	-0.10670167	8.256569e-06	-0.0058061406	-9.087389e-07	2.2880502	0.0369135	0.6682	0.0	11246.53681731224
43	0.51128	0.4998727	1.0	0.0	1.0	0.5023836	0.86783135	2.0047123	-0.017473537	1100000	-0.110236526	7.72389e-06	-0.005160831	-8.8335355e-07	2.2838168	0.03251144	0.697	0.0	11490.541430950165
44	0.50468	0.4999781	1.0	0.0	1.0	0.49200305	0.8614574	2.0031252	-0.015129801	1125000	-0.11339226	7.265004e-06	-0.004516028	-8.103216e-07	2.289654	0.040152192	0.71524	0.0	11732.16917181015
45	0.50516	0.49997336	1.0	0.0	1.0	0.49565136	0.86411244	2.0022876	-0.018918687	1150000	-0.11581983	6.9928706e-06	-0.0042387694	-7.8323046e-07	2.2882788	0.042752553	0.7306	0.0	11974.459177970886
46	0.5036	0.49998704	1.0	0.0	1.0	0.4945733	0.8628922	2.0026674	-0.015691236	1175000	-0.11679991	6.543131e-06	-0.0039145797	-7.223239e-07	2.2820735	0.043413155	0.75148	0.0	12216.512100219727
47	0.5022	0.4999952	1.0	0.0	1.0	0.49381614	0.86256677	2.0023623	-0.01593224	1200000	-0.117918536	6.2222416e-06	-0.0038438886	-7.311278e-07	2.2728941	0.042947453	0.76604	0.0	12458.225927352905
48	0.51632	0.4997336	1.0	0.0	1.0	0.50575626	0.8690561	2.000992	-0.016162757	1225000	-0.118726194	5.88247e-06	-0.003434509	-6.545838e-07	2.249667	0.029841078	0.7794	0.0	12700.452839374542
49	0.50892	0.4999204	1.0	0.0	1.0	0.4961113	0.86404383	2.0008764	-0.014038999	1250000	-0.11888996	5.4542706e-06	-0.0038481057	-6.4932556e-07	2.2430437	0.03949248	0.79364	0.0	12942.654730081558
50	0.50104	0.49999893	1.0	0.0	1.0	0.48908484	0.859448	2.0003083	-0.0126474	1275000	-0.1214976	5.2242053e-06	-0.0035528243	-6.0302455e-07	2.2520711	0.05869917	0.81612	0.0	13200.57871556282
51	0.5064	0.49995902	1.0	0.0	1.0	0.495567	0.8633704	2.000291	-0.015744044	1300000	-0.12269818	4.947105e-06	-0.0035128817	-4.5384422e-07	2.234763	0.055926867	0.8302	0.0	13442.806542158127
52	0.52288	0.49947625	1.0	0.0	1.0	0.50924003	0.8713031	1.9997587	-0.015359316	1325000	-0.12495305	4.8075085e-06	-0.0033172518	-5.7103443e-07	2.2214673	0.059639357	0.84116	0.0	13685.017806768417
53	0.51192	0.4998579	1.0	0.0	1.0	0.49875736	0.8652776	2.000262	-0.016361576	1350000	-0.12627886	4.541006e-06	-0.0026846975	-5.008219e-07	2.2341611	0.085311085	0.85108	0.0	13926.798430204391
54	0.51628	0.49973488	1.0	0.0	1.0	0.5067502	0.8699041	2.0011322	-0.0146052055	1375000	-0.12698677	4.3136824e-06	-0.0025241822	-4.2116608e-07	2.2355227	0.09987068	0.85632	0.0	14167.91096663475
55	0.50776	0.49993977	1.0	0.0	1.0	0.49966374	0.8657459	2.0019217	-0.012117932	1400000	-0.1273227	4.1813696e-06	-0.0026290566	-4.898095e-07	2.2533622	0.13840654	0.85832	0.0	14410.96011018753
56	0.50916	0.49991608	1.0	0.0	1.0	0.49598676	0.86348325	2.0000017	-0.012703095	1425000	-0.12835078	3.949376e-06	-0.0025369972	-4.2354395e-07	2.2574232	0.1565667	0.8656	0.0	14657.108103275299
57	0.52052	0.49957874	1.0	0.0	1.0	0.50544274	0.8687613	1.9997307	-0.0127278995	1450000	-0.12860627	3.667232e-06	-0.002379924	-1.2580358e-07	2.2408729	0.16938633	0.86052	0.0	14904.720406770706
58	0.52148	0.4995384	1.0	0.0	1.0	0.51059765	0.871687	1.9983277	-0.01351149	1475000	-0.12978578	3.772398e-06	-0.0019925386	-5.1391225e-07	2.2410986	0.2019272	0.86404	0.0	15151.869243144989
59	0.51904	0.49963737	1.0	0.0	1.0	0.50590926	0.869119	1.9991857	-0.011639881	1500000	-0.12937765	3.442788e-06	-0.0015782565	-4.17298e-07	2.2465441	0.23843789	0.86248	0.0	15393.929855585098
60	0.52156	0.49953493	1.0	0.0	1.0	0.50892943	0.8706575	1.9981965	-0.012198444	1525000	-0.12770574	3.1951574e-06	-0.0013004094	-3.8321832e-07	2.2311127	0.26617163	0.85156	0.0	15652.592444181442
61	0.53656	0.49866155	1.0	0.0	1.0	0.52242416	0.87786376	1.9992317	-0.0113901375	1550000	-0.12692459	2.9015744e-06	-0.0012936294	-2.4477413e-07	2.187507	0.2727839	0.84112	0.0	15894.629446268082
62	0.53784	0.49856606	1.0	0.0	1.0	0.5265769	0.8799114	1.9982989	-0.0108478265	1575000	-0.12652303	2.7490228e-06	-0.0014241934	3.820969e-08	2.1716866	0.30358103	0.83268	0.0	16137.201496124268
63	0.541	0.49831617	1.0	0.0	1.0	0.5275408	0.8807239	1.9976319	-0.012554199	1600000	-0.12497722	2.8504032e-06	-0.0014636442	-3.2808725e-07	2.153603	0.34708452	0.81996	0.0	16378.519909620285
64	0.55164	0.49732617	1.0	0.0	1.0	0.5341945	0.8840786	1.9984436	-0.010928965	1625000	-0.12465889	2.736197e-06	-0.0011766627	-4.6023024e-07	2.1204605	0.34322727	0.80692	0.0	16619.475758314133
65	0.53656	0.49866155	1.0	0.0	1.0	0.52629465	0.8793892	1.9969791	-0.009627399	1650000	-0.1231564	2.3582897e-06	-0.0015656352	-2.8349814e-07	2.1462543	0.4056761	0.7986	0.0	16861.541097164154
66	0.54448	0.49801764	1.0	0.0	1.0	0.5286167	0.88068175	1.9975888	-0.0094983075	1675000	-0.1229451	2.1521216e-06	-0.0014809817	-2.4164683e-07	2.1034615	0.41782817	0.78644	0.0	17114.016102075577
67	0.55112	0.49737993	1.0	0.0	1.0	0.5375351	0.8854091	1.9979668	-0.00963856	1700000	-0.122271135	2.0049167e-06	-0.0015116706	1.8031174e-06	2.069011	0.43343356	0.77676	0.0	17369.42890071869
68	0.55756	0.49667582	1.0	0.0	1.0	0.54387337	0.88884145	1.9985657	-0.010186048	1725000	-0.119711325	3.9686083e-06	-0.0016408861	-1.9914246e-06	2.0258522	0.44981667	0.75632	0.0	17618.85047507286
69	0.55824	0.49659652	1.0	0.0	1.0	0.540683	0.8869593	1.9970789	-0.0106060095	1750000	-0.12047396	2.1090173e-06	-0.0016928986	-3.597671e-07	2.0295446	0.46391788	0.753	0.0	17871.104465723038
70	0.55392	0.49708414	1.0	0.0	1.0	0.5405092	0.8866171	1.9968126	-0.009061961	1775000	-0.12080492	1.869732e-06	-0.0016641244	-2.3382802e-07	2.039182	0.5341806	0.74216	0.0	18141.0164103508
71	0.53928	0.4984547	1.0	0.0	1.0	0.5180667	0.87492776	1.9975747	-0.010332811	1800000	-0.11915344	1.7013946e-06	-0.0017393753	-1.8654362e-07	2.0687554	0.5985303	0.7358	0.0	18388.116059541702
72	0.5676	0.4954092	1.0	0.0	1.0	0.5508127	0.8920447	1.9967799	-0.008646323	1825000	-0.118943915	1.5539831e-06	-0.0018125102	-1.6981369e-07	1.9879297	0.5747222	0.71572	0.0	18639.909939289093
73	0.5588	0.49653053	1.0	0.0	1.0	0.5458977	0.8892966	1.9966768	-0.009034968	1850000	-0.11645979	1.5010694e-06	-0.0018370673	-1.5179273e-07	2.013158	0.6393194	0.7126	0.0	18887.965392112732
74	0.55196	0.49729285	1.0	0.0	1.0	0.5355939	0.8841451	1.9965383	-0.00850245	1875000	-0.11870282	1.4649636e-06	-0.0016462505	-1.275738e-07	2.048882	0.6804858	0.72132	0.0	19137.27774834633
75	0.55264	0.4972213	1.0	0.0	1.0	0.5410367	0.8866775	1.996901	-0.00865533	1900000	-0.11761641	1.4153685e-06	-0.001729846	-7.110032e-08	2.0408993	0.71254313	0.7138	0.0	19381.991518735886
76	0.57884	0.49374518	1.0	0.0	1.0	0.5675373	0.8998883	1.9961698	-0.00811162	1925000	-0.11290733	1.3933587e-06	-0.0020018145	-6.340554e-08	1.9451199	0.70588404	0.6756	0.0	19629.23385977745
77	0.55336	0.49714452	1.0	0.0	1.0	0.53814256	0.88504046	1.9965837	-0.008583529	1950000	-0.113783434	1.4435534e-06	-0.0018009767	-2.7034548e-07	2.0318074	0.802645	0.68984	0.0	19875.190539598465
78	0.56344	0.49595904	1.0	0.0	1.0	0.5487023	0.8907118	1.9985205	-0.009625961	1975000	-0.11427975	1.2059796e-06	-0.0016479194	-3.5925382e-08	1.9956245	0.81872267	0.67188	0.0	20120.731046676636
79	0.56972	0.49511525	1.0	0.0	1.0	0.5571685	0.89481276	1.995482	-0.008456554	2000000	-0.11103804	1.2145167e-06	-0.002178222	-1.8045819e-07	1.9668864	0.863813	0.65644	0.0	20370.142308950424
80	0.57448	0.49442157	1.0	0.0	1.0	0.56103	0.8965868	1.9958165	-0.007634705	2025000	-0.10897705	1.0826695e-06	-0.0015169531	-1.2678765e-07	1.950858	0.9035982	0.63648	0.0	20632.935000658035
81	0.54164	0.4982631	1.0	0.0	1.0	0.52681994	0.8790752	1.9955709	-0.007363789	2050000	-0.11079916	1.0628489e-06	-0.0014682561	-1.2411084e-07	2.0891676	1.0125458	0.67292	0.0	20886.774101257324
82	0.56036	0.4963433	1.0	0.0	1.0	0.5485131	0.89024436	1.9966165	-0.00806511	2075000	-0.109553635	9.932646e-07	-0.0012428313	1.16533556e-07	2.0411325	1.0084462	0.6604	0.0	21152.978652238846
83	0.58652	0.49245742	1.0	0.0	1.0	0.5724006	0.90201724	1.9963624	-0.007570768	2100000	-0.10172348	1.1619264e-06	-0.0012492165	-2.9463422e-08	1.9464113	1.0107511	0.61856	0.0	21418.538613319397
84	0.5716	0.4948469	1.0	0.0	1.0	0.5597304	0.8958553	1.9963456	-0.008551817	2125000	-0.10412584	1.208594e-06	-0.0011529252	-2.887731e-07	2.0424423	1.1155789	0.62584	0.0	21686.728124141693
85	0.55864	0.4965495	1.0	0.0	1.0	0.5422165	0.8869268	1.9963768	-0.00735919	2150000	-0.10511686	1.0190411e-06	-0.0010376349	-1.433412e-07	2.1290243	1.1965619	0.6396	0.0	21948.948570251465
86	0.57768	0.49392897	1.0	0.0	1.0	0.5674895	0.8992949	1.9953934	-0.0072272476	2175000	-0.1013018	8.606641e-07	-0.0008442104	-1.0482967e-07	2.0568385	1.2119176	0.6062	0.0	22211.429663181305
87	0.56944	0.49515462	1.0	0.0	1.0	0.5593285	0.8953124	1.9960067	-0.007349233	2200000	-0.10262657	8.2330985e-07	-0.0006399527	-1.04534536e-07	2.1373742	1.2777641	0.62976	0.0	22472.24281668663
88	0.55608	0.49684504	1.0	0.0	1.0	0.5443072	0.88790536	1.9971642	-0.0070225606	2225000	-0.10458378	8.1662296e-07	-0.00073661655	-1.00122804e-07	2.2579634	1.3898828	0.63928	0.0	22721.703176259995
89	0.56636	0.49557677	1.0	0.0	1.0	0.55392164	0.8925713	1.9971213	-0.0062567666	2250000	-0.09662441	7.549408e-07	-0.0007552281	-9.21454e-08	2.2480955	1.4368256	0.62316	0.0	22990.646048784256
90	0.56752	0.49542007	1.0	0.0	1.0	0.5549589	0.8933296	1.9958482	-0.0064033587	2275000	-0.10057368	6.9885135e-07	-0.0004454404	-7.9996425e-08	2.2937818	1.5172663	0.61544	0.0	23282.0488653183
91	0.58128	0.49334928	1.0	0.0	1.0	0.56765985	0.8993835	1.9950833	-0.00623494	2300000	-0.097820856	6.476799e-07	-0.0004613325	-2.1523533e-08	2.2777157	1.5241383	0.59988	0.0	23546.562845230103
92	0.56296	0.49602026	1.0	0.0	1.0	0.55027175	0.891064	1.9943889	-0.0067335516	2325000	-0.09779615	6.649499e-07	-0.00040819496	-8.65665e-08	2.416579	1.6694485	0.61792	0.0	23815.092539548874
93	0.56692	0.4955015	1.0	0.0	1.0	0.5554276	0.8936993	1.9954529	-0.006081717	2350000	-0.09395805	6.1650206e-07	-0.0005658567	-5.8391834e-08	2.4442804	1.7226878	0.60332	0.0	24080.958894252777
94	0.5504	0.49745333	1.0	0.0	1.0	0.54136264	0.8864009	1.9958216	-0.006292766	2375000	-0.10000682	5.866338e-07	-0.00029027462	-6.6773e-08	2.5668309	1.8480694	0.62132	0.0	24348.15462589264
95	0.56872	0.49525508	1.0	0.0	1.0	0.55527675	0.89338917	1.995062	-0.0065509314	2400000	-0.09873861	5.770421e-07	-0.0002020374	6.694751e-08	2.5125065	1.8046172	0.60648	0.0	24609.96204805374
96	0.56544	0.49569908	1.0	0.0	1.0	0.55472434	0.89328015	1.9955717	-0.006572306	2425000	-0.09002169	6.740357e-07	-0.00041283667	-1.5557907e-07	2.570699	1.8973354	0.60224	0.0	24855.33468580246
97	0.57696	0.49404162	1.0	0.0	1.0	0.5655556	0.8984649	1.9957943	-0.006546503	2450000	-0.09792658	5.936248e-07	-0.00020380318	-9.1211575e-08	2.560036	1.8908502	0.59532	0.0	25102.24855685234
98	0.59652	0.49059543	1.0	0.0	1.0	0.5840517	0.9069042	1.9946377	-0.0065104784	2475000	-0.097183906	5.050192e-07	-0.0002638176	-6.384889e-08	2.4805858	1.8363804	0.57432	0.0	25350.59995007515
99	0.58424	0.49285254	1.0	0.0	1.0	0.5754386	0.9028052	1.9946276	-0.005548835	2500000	-0.09878531	4.875039e-07	-0.00019209087	1.2978335e-05	2.593429	1.9502643	0.58748	0.0	25597.244161844254
100	0.56444	0.4958301	1.0	0.0	1.0	0.5514636	0.8911068	1.9913806	-0.008165113	2525000	-0.097631305	1.3011018e-05	-6.580353e-05	-1.2579471e-05	2.721241	2.084119	0.60008	0.0	26014.284244060516
101	0.5728	0.49467176	1.0	0.0	1.0	0.5586388	0.89492935	1.9950161	-0.0061677387	2550000	-0.09625917	4.779649e-07	-9.7453594e-05	1.17702314e-07	2.7006688	2.0638235	0.59144	0.0	26687.480078458786
102	0.56484	0.49577793	1.0	0.0	1.0	0.5544048	0.89260364	1.9942614	-0.0050546695	2575000	-0.09765934	6.4339815e-07	-5.532801e-05	7.2482335e-06	2.7680528	2.140625	0.59756	0.0	27228.43029499054
103	0.59724	0.49045327	1.0	0.0	1.0	0.58441883	0.9076298	1.9980816	-0.004984663	2600000	-0.09314308	8.235732e-06	-0.00010625273	-7.845558e-06	2.6206977	2.0261502	0.5612	0.0	27887.776871442795
104	0.59388	0.4911075	1.0	0.0	1.0	0.5817981	0.9058352	1.9947803	-0.004945971	2625000	-0.09003277	4.3698557e-07	-7.019937e-05	7.866223e-06	2.6567125	2.0836594	0.56284	0.0	28523.88493704796
105	0.59492	0.49090755	1.0	0.0	1.0	0.58007437	0.90468615	1.9912345	-0.0073723476	2650000	-0.09512195	8.322202e-06	-0.00010819733	-7.93207e-06	2.6755793	2.094788	0.56128	0.0	29249.203060388565
106	0.5818	0.4932634	1.0	0.0	1.0	0.5713915	0.90109813	1.9961666	-0.0049389703	2675000	-0.09793311	4.218974e-07	-4.3839216e-05	-8.1894086e-08	2.791653	2.1870236	0.58584	0.0	64525.377091407776
107	0.58044	0.49348697	1.0	0.0	1.0	0.5714922	0.9010313	1.9947145	-0.004999794	2700000	-0.097366154	3.7338435e-07	-5.00381e-05	-4.5417835e-08	2.804208	2.2095227	0.58504	0.0	64783.36005496979
108	0.5902	0.49179667	1.0	0.0	1.0	0.5783095	0.90426314	1.9950936	-0.005487467	2725000	-0.09537831	3.5397053e-07	-2.9928982e-05	8.02703e-09	2.7616806	2.1856198	0.56556	0.0	65030.02378201485
109	0.57208	0.49477717	1.0	0.0	1.0	0.5621041	0.89643985	1.9943761	-0.006029262	2750000	-0.09596524	4.059817e-07	-5.1170588e-05	-9.3589506e-08	2.8892531	2.3122394	0.585	0.0	65279.928723573685
110	0.59124	0.49160478	1.0	0.0	1.0	0.57944787	0.9047477	1.9943494	-0.0054028975	2775000	-0.09265404	3.5649296e-07	-2.9705465e-05	1.4456832e-06	2.788489	2.2135577	0.56868	0.0	65555.4013774395
111	0.58836	0.49213058	1.0	0.0	1.0	0.57569915	0.90258163	1.992358	-0.0057037193	2800000	-0.09546031	1.8537042e-06	-5.5782497e-05	0.00014702446	2.8079774	2.2435246	0.56756	0.0	65805.2880730629
112	0.5894	0.49194273	1.0	0.0	1.0	0.5834024	0.90853965	2.0095031	-0.0026674112	2825000	-0.095024884	0.00014796387	-6.851554e-05	-0.00014768292	2.807015	2.2551012	0.56784	0.0	66061.54408693314
113	0.60512	0.4888249	1.0	0.0	1.0	0.590489	0.90964377	1.9939348	-0.00533296	2850000	-0.06765738	3.1112137e-07	-0.002877742	-3.2602202e-08	2.7253375	2.2103722	0.5484	0.0	66316.45358514786
114	0.59216	0.4914331	1.0	0.0	1.0	0.5837088	0.9066803	1.994182	-0.0049370993	2875000	-0.097930506	3.4977634e-07	0.000531286	-2.6712712e-09	2.8546212	2.2680829	0.56744	0.0	66565.63632702827
115	0.5646	0.49580932	1.0	0.0	1.0	0.551154	0.8911188	1.9938151	-0.0051344614	2900000	-0.097839326	4.049451e-07	-0.00024944544	-1.251532e-07	3.049632	2.4437346	0.5934	0.0	66814.16157102585
116	0.56656	0.49554998	1.0	0.0	1.0	0.55602866	0.8933985	1.9941103	-0.0047343336	2925000	-0.0950991	3.0971336e-07	-0.00073106587	-3.4499294e-08	3.030863	2.4382305	0.587	0.0	67060.15878343582
117	0.5838	0.49292755	1.0	0.0	1.0	0.5719614	0.90114546	1.9938807	-0.004906621	2950000	-0.09666328	3.0196142e-07	-9.315461e-05	4.647336e-08	2.9243894	2.317131	0.5806	0.0	67307.18197011948
118	0.60592	0.48865217	1.0	0.0	1.0	0.59298486	0.91069615	1.9942963	-0.0050238892	2975000	-0.09222342	3.7003227e-07	0.00016578287	-1.2081381e-07	2.7622943	2.2168975	0.53768	0.0	67552.18340206146
119	0.58108	0.49338225	1.0	0.0	1.0	0.5695168	0.8999836	1.9943124	-0.005043423	3000000	-0.088686466	3.0342082e-07	4.399568e-05	-6.303699e-08	2.9234278	2.3622828	0.56816	0.0	67799.01695036888
120	0.57764	0.49393523	1.0	0.0	1.0	0.56705135	0.898806	1.993956	-0.0046345815	3025000	-0.09402133	2.8627957e-07	-0.0007041395	-5.3945882e-08	2.9657996	2.4026117	0.57492	0.0	68074.86898374557
121	0.60384	0.48909843	1.0	0.0	1.0	0.58961606	0.90915066	1.9946752	-0.005231153	3050000	-0.09351924	2.386068e-07	6.0372055e-05	9.507431e-09	2.7647188	2.2319615	0.54472	0.0	68321.94146609306
122	0.58208	0.49321684	1.0	0.0	1.0	0.57120013	0.900674	1.9938824	-0.0047427155	3075000	-0.09389339	3.033669e-07	7.9609454e-05	-7.494879e-08	2.8981285	2.3366213	0.56772	0.0	68573.21965146065
123	0.56808	0.49534342	1.0	0.0	1.0	0.55484635	0.8929453	1.9940783	-0.0047371183	3100000	-0.09494582	2.6292182e-07	4.4196844e-05	-4.1165308e-08	2.984554	2.4239933	0.57968	0.0	68828.20321655273
124	0.56636	0.49557674	1.0	0.0	1.0	0.55452144	0.8927008	1.9931018	-0.0052701253	3125000	-0.095476404	2.6496485e-07	-3.965199e-05	3.2002576e-05	2.9935892	2.4196496	0.58816	0.0	69081.53476023674
125	0.57512	0.49432474	1.0	0.0	1.0	0.56014156	0.8941975	1.9887733	-0.0072684567	3150000	-0.091610156	3.1753436e-05	1.22487545e-05	-3.1531345e-05	2.9263525	2.3643138	0.57388	0.0	69335.66293025017
126	0.58328	0.49301568	1.0	0.0	1.0	0.5747886	0.9023575	1.9945042	-0.004731277	3175000	-0.093604095	2.5605507e-07	-6.271899e-05	-4.379241e-08	2.8867035	2.3524714	0.56072	0.0	69590.61640834808
127	0.58228	0.49318352	1.0	0.0	1.0	0.5725092	0.9010787	1.9942833	-0.004510304	3200000	-0.09200064	2.6151628e-07	-0.00036791712	4.4421586e-06	2.8895912	2.3428934	0.56536	0.0	69844.00708198547
128	0.5848	0.49275646	1.0	0.0	1.0	0.5759529	0.9027164	1.9958588	-0.003070522	3225000	-0.09223034	4.8070306e-06	-0.000107981265	-4.61187e-06	2.8676538	2.3400114	0.55788	0.0	70097.23461675644
129	0.59088	0.49167147	1.0	0.0	1.0	0.5777342	0.9034442	1.9938426	-0.0038532745	3250000	-0.09351148	2.2204432e-07	-7.043779e-05	9.279476e-07	2.834617	2.3195772	0.55112	0.0	70354.96753120422
130	0.60604	0.48862615	1.0	0.0	1.0	0.5956366	0.91153926	1.9925973	-0.005344376	3275000	-0.09260529	1.1801928e-06	-3.7282705e-05	-9.713658e-07	2.7370238	2.2513077	0.5328	0.0	70643.48948097229
131	0.577	0.49403545	1.0	0.0	1.0	0.5637517	0.89671284	1.9936365	-0.0040429253	3300000	-0.09350793	2.3089186e-07	-2.6613474e-05	-5.3395596e-08	2.9241018	2.4126234	0.565	0.0	70907.08499097824
132	0.5974	0.4904215	1.0	0.0	1.0	0.58531755	0.9069688	1.9950006	-0.004088117	3325000	-0.093313515	1.8577082e-07	-0.0001635924	7.982213e-08	2.8056393	2.3160543	0.54968	0.0	71172.39514493942
133	0.56752	0.49542007	1.0	0.0	1.0	0.5555582	0.8928117	1.9939812	-0.0041976646	3350000	-0.064947225	3.2086828e-07	-0.00060141087	-1.0586655e-07	2.9922628	2.494243	0.5764	0.0	71441.04986715317
134	0.5922	0.49142566	1.0	0.0	1.0	0.58059216	0.9048601	1.9936436	-0.004023228	3375000	-0.09232377	2.4916687e-07	-8.304417e-05	-5.9131466e-08	2.861432	2.3812287	0.5482	0.0	71691.96944236755
135	0.59748	0.4904056	1.0	0.0	1.0	0.5853786	0.90689623	1.9938639	-0.004652785	3400000	-0.09175919	2.2747446e-07	-2.0459294e-05	-5.206749e-08	2.8276772	2.3502846	0.54076	0.0	71957.17476081848
136	0.576	0.49419022	1.0	0.0	1.0	0.5653863	0.8977479	1.993472	-0.004506804	3425000	-0.091235206	2.1200358e-07	-0.0005002618	-4.1866713e-08	2.98878	2.5186772	0.56124	0.0	72201.2923116684
137	0.58336	0.49300212	1.0	0.0	1.0	0.5683218	0.8990135	1.9935547	-0.0047760624	3450000	-0.09381901	1.9208433e-07	0.00017584115	-3.547585e-08	2.954762	2.465418	0.55568	0.0	72468.35247516632
138	0.58752	0.49228066	1.0	0.0	1.0	0.5741658	0.90203774	1.993404	-0.004204115	3475000	-0.09590955	1.8229596e-07	7.3350966e-05	-3.4993846e-08	2.962781	2.4509504	0.56008	0.0	72739.56863808632
139	0.60388	0.48908994	1.0	0.0	1.0	0.59129137	0.9095479	1.9955035	-0.0044217445	3500000	-0.09430372	1.6777011e-07	-0.00017562509	9.803003e-09	2.8559794	2.346524	0.54336	0.0	73004.5864174366
140	0.57952	0.49363604	1.0	0.0	1.0	0.5693102	0.89946806	1.9930801	-0.004072232	3525000	-0.09491542	2.1370174e-07	-9.761006e-05	-5.7444666e-08	3.0226698	2.4989765	0.56476	0.0	73297.49230527878
141	0.56856	0.49527726	1.0	0.0	1.0	0.5590044	0.8945803	1.9938979	-0.0043758117	3550000	-0.09717482	1.9215818e-07	-7.5392425e-05	-3.7782883e-08	3.0871263	2.5279262	0.58416	0.0	73565.68030643463
142	0.57896	0.49372596	1.0	0.0	1.0	0.56542796	0.8976183	1.9943901	-0.0045698266	3575000	-0.09278778	1.6838653e-07	1.0378659e-05	-3.0508104e-08	3.0127637	2.4991615	0.56916	0.0	73835.07797503471
143	0.56304	0.49601	1.0	0.0	1.0	0.5513648	0.89063406	1.99417	-0.003557535	3600000	-0.096637234	1.7361369e-07	-7.168949e-05	2.6903919e-08	3.1227942	2.5754833	0.5908	0.0	74104.56217837334
144	0.58108	0.49338228	1.0	0.0	1.0	0.57015973	0.8999151	1.9932061	-0.0044425186	3625000	-0.09269983	2.2007137e-07	-1.6398728e-05	-1.6379019e-08	2.9718506	2.458734	0.5586	0.0	74375.7930662632
145	0.60096	0.489701	1.0	0.0	1.0	0.58995503	0.9090915	1.9935544	-0.0033431798	3650000	-0.09316664	2.1479333e-07	-2.3439527e-05	-8.135129e-08	2.8435829	2.3476243	0.54024	0.0	74620.54526376724
146	0.57868	0.49377063	1.0	0.0	1.0	0.565789	0.89789194	1.9928446	-0.0035472158	3675000	-0.0959132	1.6506986e-07	-1.6726553e-05	-2.921901e-08	3.0025613	2.486129	0.5736	0.0	74885.44046807289
147	0.59396	0.49109223	1.0	0.0	1.0	0.58075625	0.9047193	1.9940048	-0.0034277402	3700000	-0.09357441	1.4719235e-07	-3.3974648e-06	2.6843702e-07	2.8792028	2.379434	0.55044	0.0	75149.59066104889
148	0.58288	0.4930831	1.0	0.0	1.0	0.57349116	0.90139353	1.9943498	-0.0028118528	3725000	-0.06350811	4.2170333e-07	-0.00031157583	-3.8686693e-08	2.9631538	2.4971788	0.55492	0.0	75416.4805765152
149	0.57912	0.49370036	1.0	0.0	1.0	0.56525373	0.8973171	1.9933717	-0.003200233	3750000	-0.09375944	3.646171e-07	-6.7725778e-06	2.0811677e-07	3.0005	2.516006	0.56272	0.0	75682.17876720428
150	0.57852	0.49379614	1.0	0.0	1.0	0.5628248	0.89611614	1.9926741	-0.0035664346	3775000	-0.09408221	6.270386e-07	-2.5488436e-05	8.917537e-06	3.018955	2.5442686	0.56268	0.0	75966.63545107841
151	0.59924	0.49005246	1.0	0.0	1.0	0.5910688	0.90992165	1.996998	-0.004296541	3800000	-0.092954	9.97635e-06	-2.7649105e-05	-6.0688403e-06	2.8924162	2.4275973	0.5416	0.0	76230.58934211731
152	0.55968	0.4964255	1.0	0.0	1.0	0.54841274	0.8887914	1.9916095	-0.0034491476	3825000	-0.09577383	3.7388802e-06	-4.798174e-06	-3.6163622e-06	3.1736512	2.6753194	0.58444	0.0	76495.44337940216
153	0.59432	0.49102315	1.0	0.0	1.0	0.5804656	0.9046506	1.9936104	-0.0031051114	3850000	-0.094245076	1.3259461e-07	-1.1503696e-05	5.8939534e-08	2.93675	2.4443822	0.552	0.0	76762.68996715546
154	0.58016	0.49353257	1.0	0.0	1.0	0.5694107	0.89904094	1.9933895	-0.0024898425	3875000	-0.09347359	2.0824741e-07	-3.219396e-05	-8.685757e-08	3.0516572	2.5700524	0.55944	0.0	77028.74444365501
155	0.55568	0.49689007	1.0	0.0	1.0	0.5469053	0.88829094	1.9944029	-0.0034304578	3900000	-0.09775991	1.53537e-07	-2.0898879e-05	-3.3632787e-08	3.2340903	2.724667	0.59476	0.0	77297.14246249199
156	0.582	0.4932302	1.0	0.0	1.0	0.5691682	0.8992567	1.9934835	-0.0025462694	3925000	-0.03651552	1.3338204e-07	-0.024020799	-2.1516342e-08	3.0535045	2.6231587	0.55132	0.0	77565.33193302155
157	0.59064	0.49171576	1.0	0.0	1.0	0.5787805	0.90395504	1.9940199	-0.0032994542	3950000	-0.0831496	1.1968453e-07	0.0010419711	4.1949875e-09	3.0254962	2.5625403	0.52236	0.0	77831.14292287827
158	0.6154	0.48650065	1.0	0.0	1.0	0.60253745	0.9140239	1.9941881	-0.002659779	3975000	-0.07932851	1.3874146e-07	-0.008726984	-5.9163767e-09	2.8366778	2.3737245	0.5158	0.0	78096.05570816994
159	0.56972	0.49511525	1.0	0.0	1.0	0.5576943	0.893457	1.9936295	-0.0026011094	4000000	-0.08152503	1.5863918e-07	0.00079600513	-5.7148917e-08	3.1324332	2.638235	0.57068	0.0	78360.76468896866
160	0.61108	0.48750508	1.0	0.0	1.0	0.59886456	0.9125892	1.9945413	-0.0032305773	4025000	-0.092950374	1.2174631e-07	0.00026956946	-2.3955877e-08	2.8531666	2.3701942	0.52832	0.0	78642.57104229927
161	0.59788	0.49032593	1.0	0.0	1.0	0.58427554	0.9061925	1.9940398	-0.003294833	4050000	-0.09548906	1.17234144e-07	0.00041969866	3.4747552e-06	2.9464762	2.413325	0.54572	0.0	78888.13105082512
162	0.56884	0.49523842	1.0	0.0	1.0	0.5577663	0.8935086	1.9911062	-0.003220642	4075000	-0.093158565	3.37359e-06	0.00032166392	-3.2745352e-06	3.1177464	2.5838685	0.56184	0.0	79133.40633320808
163	0.57984	0.49358442	1.0	0.0	1.0	0.5723367	0.90073895	1.993339	-0.0027633049	4100000	-0.08134248	1.09360855e-07	8.871406e-05	1.6080247e-06	3.025648	2.5166404	0.5382	0.0	79378.19195318222
164	0.609	0.4879744	1.0	0.0	1.0	0.5990387	0.9130573	1.9952762	-0.0024443716	4125000	-0.0886277	1.809578e-06	-0.00043522567	-1.7112884e-06	2.7957869	2.2954712	0.50924	0.0	79622.73965835571
165	0.57792	0.49389118	1.0	0.0	1.0	0.56918323	0.89894617	1.9944234	-0.0026042443	4150000	-0.09118631	1.1129339e-07	-0.00061403215	-2.2914058e-08	2.9851332	2.4832318	0.54204	0.0	79868.27458190918
166	0.59656	0.49058756	1.0	0.0	1.0	0.58233446	0.9051683	1.9939054	-0.003097821	4175000	-0.064501315	1.04600325e-07	-0.0029417723	-1.186487e-08	2.8116593	2.3320346	0.5238	0.0	80113.55995965004
167	0.58276	0.49310318	1.0	0.0	1.0	0.5762702	0.90231013	1.9936705	-0.0025998056	4200000	-0.09068574	1.05979076e-07	-0.00046686083	-2.0367146e-08	2.8768594	2.4133427	0.54228	0.0	80366.66230630875
168	0.59668	0.49056396	1.0	0.0	1.0	0.5830804	0.9055796	1.9935696	-0.002410544	4225000	-0.084968805	9.637633e-08	-0.00039435178	8.5486356e-08	2.730155	2.296546	0.5256	0.0	80625.57322478294
169	0.60672	0.48847812	1.0	0.0	1.0	0.5940854	0.91025436	1.9939939	-0.0031136759	4250000	-0.09014508	2.013005e-07	-0.00016070902	-8.108708e-08	2.6629312	2.250732	0.51808	0.0	80886.3515663147
170	0.59504	0.49088427	1.0	0.0	1.0	0.58236617	0.90498656	1.994135	-0.0025348533	4275000	-0.07733997	1.3598027e-07	-0.0031507239	-3.0987195e-08	2.7186294	2.3127174	0.52968	0.0	81155.19762969017
171	0.57632	0.49414095	1.0	0.0	1.0	0.566257	0.8975075	1.9938868	-0.0029179603	4300000	-0.085667074	1.2100156e-07	0.00049582124	-2.2563498e-08	2.8315225	2.4422603	0.54648	0.0	81415.34048438072
172	0.5944	0.4910078	1.0	0.0	1.0	0.5853209	0.90653056	1.9944795	-0.0030967165	4325000	-0.08852096	1.09178146e-07	0.0009738505	-1.8790779e-08	2.7168043	2.3629296	0.52208	0.0	81688.86696100235
173	0.5828	0.49309653	1.0	0.0	1.0	0.5663428	0.8976163	1.9939107	-0.0024948437	4350000	-0.08851142	1.0054397e-07	5.3666532e-05	-1.6151859e-08	2.8099093	2.4559982	0.53596	0.0	81954.76495718956
174	0.60892	0.48799226	1.0	0.0	1.0	0.59706104	0.91177726	1.9936951	-0.0025383048	4375000	-0.08350773	9.442473e-08	-0.00082588196	-1.3324005e-08	2.6494675	2.3244603	0.502	0.0	82337.6028869152
175	0.57728	0.4939917	1.0	0.0	1.0	0.5656179	0.8972058	1.9953825	-0.002583908	4400000	-0.08781362	1.033142e-07	-0.00080269575	-1.9015367e-08	2.8826582	2.5305958	0.54172	0.0	82962.2171099186
176	0.60604	0.48862615	1.0	0.0	1.0	0.5948877	0.9107756	1.9936816	-0.002608832	4425000	-0.08810476	9.604881e-08	-0.00026782602	-1.2675436e-08	2.7433922	2.40425	0.51156	0.0	83668.46232867241
177	0.59892	0.49011716	1.0	0.0	1.0	0.5836884	0.90573496	1.99362	-0.0028473083	4450000	-0.0877359	9.7577384e-08	-6.5244734e-05	-1.4508458e-08	2.7957206	2.4479537	0.51576	0.0	84091.45610427856
178	0.6136	0.48692402	1.0	0.0	1.0	0.6025706	0.91396	1.993673	-0.0030680727	4475000	-0.086872555	9.009688e-08	0.00010547787	-2.6247733e-09	2.748467	2.4041343	0.49892	0.0	84704.08434057236
179	0.61612	0.48632926	1.0	0.0	1.0	0.6046212	0.91484004	1.993244	-0.003198374	4500000	-0.07789726	1.04975626e-07	0.00021521747	-1.9725618e-08	2.772093	2.4261234	0.49592	0.0	85315.2930085659
180	0.59356	0.49116853	1.0	0.0	1.0	0.58185726	0.90489143	1.9932891	-0.0028147902	4525000	-0.0882256	9.6501324e-08	-2.758205e-05	3.1206838e-08	2.936147	2.572484	0.51852	0.0	85849.34924340248
181	0.5814	0.49332958	1.0	0.0	1.0	0.5713813	0.8999591	1.9937519	-0.0022945236	4550000	-0.089684	1.4148772e-07	-4.9218535e-05	3.443483e-06	3.0284517	2.6519146	0.52868	0.0	86519.80155992508
182	0.61348	0.48695204	1.0	0.0	1.0	0.5982622	0.9119619	1.9910046	-0.0030445065	4575000	-0.08764494	3.7659795e-06	-6.899983e-05	-3.682047e-06	2.8204486	2.4760787	0.49032	0.0	87032.33981585503
183	0.5788	0.49375153	1.0	0.0	1.0	0.5676835	0.8982265	1.9936265	-0.0031099897	4600000	-0.08843054	1.0476806e-07	-0.00011438131	-2.8062033e-08	3.083583	2.7163553	0.53448	0.0	87583.21111178398
184	0.5894	0.49194273	1.0	0.0	1.0	0.573488	0.9010832	1.9929795	-0.0026241876	4625000	-0.08208216	8.407995e-08	-0.00025255978	-1.5065226e-08	3.0118837	2.6557605	0.51952	0.0	88221.86261034012
185	0.60164	0.48956034	1.0	0.0	1.0	0.58956754	0.90837604	1.9936674	-0.0023400448	4650000	-0.0867417	7.7744644e-08	-0.00012717396	1.4195693e-06	2.934814	2.5785367	0.51232	0.0	88681.002628088
186	0.62316	0.48459426	1.0	0.0	1.0	0.60889155	0.9171073	1.9947481	-0.002689261	4675000	-0.082966715	1.5003603e-06	-0.00025170296	-1.4288883e-06	2.7798262	2.456101	0.47524	0.0	89338.74408245087
187	0.63552	0.48128402	1.0	0.0	1.0	0.6232968	0.9226669	1.9933786	-0.0023010504	4700000	-0.08450004	8.056824e-08	-0.0001656264	-1.9960126e-08	2.7144356	2.4020276	0.466	0.0	89800.05460214615
188	0.6028	0.48931804	1.0	0.0	1.0	0.5917274	0.90928996	1.9938836	-0.0030240342	4725000	-0.0885805	7.672198e-08	-3.104657e-05	-1.532468e-08	2.9523382	2.62855	0.50508	0.0	90062.89558053017
189	0.57696	0.49404162	1.0	0.0	1.0	0.5678361	0.8983511	1.9935166	-0.0023343042	4750000	-0.08929949	7.683882e-08	5.0105155e-05	7.773598e-06	3.1385138	2.8024306	0.53104	0.0	90332.74714040756
190	0.58976	0.49187717	1.0	0.0	1.0	0.57846016	0.9022235	1.9944739	-0.0025659539	4775000	-0.08842329	7.738948e-06	7.2322786e-05	5.474857e-05	3.069125	2.7451384	0.51944	0.0	90626.36731100082
191	0.59244	0.49138057	1.0	0.0	1.0	0.5873293	0.9085717	2.00294	-0.0016259644	4800000	-0.08838481	6.209547e-05	-5.71087e-05	-6.203035e-05	3.0541885	2.7310722	0.52008	0.0	90901.42070150375
192	0.59488	0.49091524	1.0	0.0	1.0	0.58383614	0.9057761	1.9936239	-0.0030812006	4825000	-0.08832173	7.520295e-08	1.8410385e-05	9.063212e-06	3.03453	2.7095287	0.51256	0.0	91169.19296813011
193	0.59732	0.4904374	1.0	0.0	1.0	0.5902034	0.9088513	1.9966395	-0.0030542016	4850000	-0.08312295	9.087871e-06	-8.139014e-05	2.5326553e-05	3.0411537	2.7239091	0.5124	0.0	91431.99590682983
194	0.5846	0.49279085	1.0	0.0	1.0	0.56966335	0.89838547	1.9871798	-0.0057975	4875000	-0.089747444	3.3013563e-05	-0.00013941526	-3.295637e-05	3.126812	2.8057578	0.52268	0.0	91695.68805623055
195	0.5954	0.49081445	1.0	0.0	1.0	0.5828555	0.9053706	1.993541	-0.0025109705	4900000	-0.08517162	6.521896e-08	-6.470829e-05	-6.3725913e-09	3.0574632	2.7383347	0.50996	0.0	91940.67565464973
196	0.61304	0.48705438	1.0	0.0	1.0	0.59881204	0.9124604	1.9935317	-0.0032218825	4925000	-0.08631623	6.704973e-08	-9.910762e-05	1.7352459e-06	2.9512775	2.6392682	0.49368	0.0	92185.97988510132
197	0.61292	0.48708218	1.0	0.0	1.0	0.597906	0.9122982	1.9948672	-0.002288727	4950000	-0.08727481	1.7969271e-06	-1.3485551e-05	-1.702547e-06	2.9716787	2.662422	0.49412	0.0	92430.61248993874
198	0.59068	0.4917084	1.0	0.0	1.0	0.5773325	0.90278584	1.9940524	-0.0028104018	4975000	-0.08038594	1.0864508e-07	-1.7732382e-06	-5.258568e-08	3.1253457	2.789425	0.51696	0.0	92675.25914597511
199	0.5912	0.4916122	1.0	0.0	1.0	0.58156896	0.90482044	1.9940101	-0.004150018	5000000	-0.08678719	6.9046344e-08	-6.534159e-06	4.200381e-06	3.1394808	2.789688	0.51572	0.0	92921.44197440147
200	0.57684	0.4940603	1.0	0.0	1.0	0.567344	0.89812756	1.9954047	-0.0021336544	5025000	-0.09175777	4.1416097e-06	-7.3090196e-06	-4.0188697e-06	3.2642975	2.9147878	0.5374	0.0	93189.75407195091
201	0.60104	0.4896845	1.0	0.0	1.0	0.5895555	0.9084787	1.9934136	-0.0022763945	5050000	-0.08704428	1.2736196e-07	-5.2154064e-06	-6.5545095e-08	3.0960522	2.7643628	0.5084	0.0	93468.03844976425
202	0.61008	0.48773187	1.0	0.0	1.0	0.59657186	0.91130877	1.9935535	-0.002415726	5075000	-0.08865819	7.038846e-08	-4.120171e-06	-2.0200442e-08	3.049516	2.7316031	0.50032	0.0	93711.92147374153
203	0.60136	0.48961836	1.0	0.0	1.0	0.5906712	0.9088058	1.9937063	-0.0024200864	5100000	-0.088280745	6.3475696e-08	-1.616776e-06	8.288679e-05	3.1058729	2.7683713	0.50624	0.0	93957.16669297218
204	0.59384	0.4911151	1.0	0.0	1.0	0.58740205	0.9088396	2.0055127	-0.004102681	5125000	-0.08866649	8.1067024e-05	-1.4640391e-05	-8.101499e-05	3.1778376	2.8499	0.51524	0.0	94201.91261434555
205	0.60508	0.4888335	1.0	0.0	1.0	0.5948699	0.91082555	1.9932394	-0.002584653	5150000	-0.04942391	6.1390566e-08	-2.4814159e-05	4.6878034e-07	3.109547	2.7825794	0.50512	0.0	94447.1097331047
206	0.5898	0.4918699	1.0	0.0	1.0	0.5791978	0.90359557	1.993146	-0.0026772711	5175000	-0.08937822	5.154962e-07	-1.4811754e-05	-4.6655347e-07	3.21983	2.863403	0.52156	0.0	94692.6821501255
207	0.58224	0.4931902	1.0	0.0	1.0	0.5748049	0.90167856	1.9929144	-0.0028259493	5200000	-0.090333104	6.0965576e-08	-1.0356307e-05	6.6257494e-06	3.2949831	2.9454963	0.53016	0.0	94940.86058139801
208	0.58964	0.49189904	1.0	0.0	1.0	0.5791269	0.9035936	1.9921383	-0.0043824017	5225000	-0.09002809	6.7017068e-06	-2.2009015e-05	4.992105e-06	3.2371168	2.8780556	0.52412	0.0	95185.47151136398
209	0.59408	0.4910692	1.0	0.0	1.0	0.58310676	0.9049931	1.988926	-0.0042869207	5250000	-0.09149147	1.1841232e-05	-2.411753e-05	-1.1483711e-05	3.210484	2.8737738	0.51964	0.0	95435.16755414009
210	0.58804	0.49218795	1.0	0.0	1.0	0.5729982	0.90071	1.9922181	-0.003108183	5275000	-0.09049506	3.6324016e-07	-1.9855797e-05	-2.752684e-07	3.2615902	2.9131193	0.52556	0.0	95710.12143182755
211	0.57624	0.4941533	1.0	0.0	1.0	0.5658114	0.89737463	1.993218	-0.0026971586	5300000	-0.09055737	9.65603e-08	-5.3822994e-05	3.2921823e-06	3.3482497	2.9895544	0.54052	0.0	95956.40424799919
212	0.59524	0.4908456	1.0	0.0	1.0	0.5841642	0.90564436	1.9919202	-0.0028774235	5325000	-0.09163197	3.4823756e-06	-1.668185e-05	-3.434162e-06	3.2341025	2.8864987	0.52128	0.0	96202.70274806023
213	0.61216	0.48725778	1.0	0.0	1.0	0.6004254	0.9131275	1.9929932	-0.0019863527	5350000	-0.08913637	5.1191645e-08	-9.559095e-06	1.4538433e-06	3.0953374	2.784601	0.494	0.0	96447.80597138405
214	0.5946	0.49096927	1.0	0.0	1.0	0.5824404	0.90489215	1.9915037	-0.0025060996	5375000	-0.08849982	1.4983993e-06	3.2782555e-07	4.6923327e-05	3.2220552	2.8915796	0.51352	0.0	96705.58914589882
215	0.59612	0.49067396	1.0	0.0	1.0	0.5910221	0.9098264	2.0023003	-0.002993079	5400000	-0.07558405	4.7550773e-05	-0.00033894926	-4.750036e-05	3.2104187	2.8767834	0.51236	0.0	96956.03053188324
216	0.60884	0.48801008	1.0	0.0	1.0	0.59709907	0.9116756	1.9932691	-0.0023028143	5425000	-0.08329297	5.775259e-08	2.194941e-05	1.6862568e-08	3.1114857	2.7830868	0.49688	0.0	97201.61803770065
217	0.5902	0.49179667	1.0	0.0	1.0	0.57890624	0.9035957	1.9929706	-0.0026807114	5450000	-0.08561057	8.031389e-08	-2.810359e-05	1.8127815e-06	3.2602212	2.927278	0.52552	0.0	97457.10411143303
218	0.61768	0.4859541	1.0	0.0	1.0	0.6060467	0.9159131	1.9953576	-0.0019238405	5475000	-0.088556856	1.9811118e-06	3.2261014e-06	-1.9136728e-06	3.0657837	2.7502487	0.49136	0.0	97728.29406189919
219	0.60616	0.48860008	1.0	0.0	1.0	0.5938421	0.910379	1.9932778	-0.0028896332	5500000	-0.0891442	7.774746e-08	-4.2945147e-05	-1.0419917e-08	3.1466634	2.820419	0.5062	0.0	97980.324873209
220	0.59284	0.49130517	1.0	0.0	1.0	0.5827247	0.90536714	1.993654	-0.0029411651	5525000	-0.089777686	7.569524e-08	-3.834814e-05	-3.507152e-08	3.264738	2.9348247	0.52088	0.0	98272.34080648422
221	0.58128	0.4933493	1.0	0.0	1.0	0.5711711	0.90021646	1.992418	-0.0024867747	5550000	-0.08831614	5.063044e-08	-2.5764108e-05	1.9514919e-06	3.335853	2.9902978	0.5284	0.0	98536.25774621964
222	0.58824	0.49215212	1.0	0.0	1.0	0.5790343	0.90348524	1.9937316	-0.0022362825	5575000	-0.08949939	2.0079005e-06	-6.238371e-05	-1.958821e-06	3.3003356	2.9476268	0.52648	0.0	98802.54509067535
223	0.61372	0.48689607	1.0	0.0	1.0	0.6046978	0.9151005	1.9927775	-0.002407357	5600000	-0.088768885	5.233231e-08	-4.863739e-05	-1.1477951e-08	3.1087518	2.7893975	0.49468	0.0	99068.32644081116
224	0.62104	0.48512813	1.0	0.0	1.0	0.6065599	0.9159601	1.9924664	-0.003196584	5625000	-0.08735893	5.0686207e-08	-2.1576881e-05	1.4914948e-05	3.0516675	2.726611	0.4866	0.0	99334.43480157852
225	0.60376	0.4891154	1.0	0.0	1.0	0.58978117	0.9081265	1.9892895	-0.0037434958	5650000	-0.08803032	1.4458737e-05	1.0848045e-05	-1.4419837e-05	3.1851091	2.8570316	0.5038	0.0	99600.4122056961
226	0.58696	0.49237987	1.0	0.0	1.0	0.57614183	0.90253174	1.9937189	-0.0027115643	5675000	-0.09100656	4.935227e-08	1.0877848e-05	1.2999178e-06	3.3260207	2.9867704	0.5282	0.0	99868.10529613495
227	0.586	0.49254847	1.0	0.0	1.0	0.5744328	0.90228283	1.9933766	-0.003457088	5700000	-0.08980276	1.3333425e-06	2.5331974e-07	-1.2551656e-06	3.3391743	2.990308	0.52664	0.0	100133.95867109299
228	0.56212	0.4961261	1.0	0.0	1.0	0.5501397	0.8899227	1.9932061	-0.0023432374	5725000	-0.09220475	8.548921e-08	-5.364418e-07	3.3213126e-07	3.518218	3.1516738	0.55416	0.0	100399.95641326904
229	0.57344	0.4945772	1.0	0.0	1.0	0.5607943	0.8949918	1.9932134	-0.002541002	5750000	-0.08677176	4.312196e-07	-0.0001854971	-3.905175e-07	3.424045	3.0653555	0.53748	0.0	100671.9349887371
230	0.5902	0.49179667	1.0	0.0	1.0	0.5792498	0.90366507	1.9933687	-0.0021934286	5775000	-0.09065929	4.907323e-08	-6.7427754e-06	1.9797358e-06	3.2987902	2.9523861	0.52448	0.0	100968.80499601364
231	0.60164	0.48956034	1.0	0.0	1.0	0.5902113	0.908904	1.9952754	-0.00257984	5800000	-0.08998848	2.0565074e-06	-2.2031367e-05	-1.972107e-06	3.2144532	2.8759632	0.5106	0.0	101234.2153441906
232	0.59588	0.4907209	1.0	0.0	1.0	0.5864226	0.9071144	1.9930815	-0.00303643	5825000	-0.09030086	8.839825e-08	-1.1056662e-05	-4.363132e-08	3.2617385	2.9255025	0.51624	0.0	101498.92062807083
233	0.59152	0.49155274	1.0	0.0	1.0	0.5816733	0.905051	1.9931744	-0.0025408715	5850000	-0.09022579	5.6382017e-08	1.9147992e-06	-1.2298486e-08	3.2825963	2.9378624	0.52108	0.0	101766.69023442268
234	0.60676	0.4884693	1.0	0.0	1.0	0.5939884	0.9104462	1.9934571	-0.0022727307	5875000	-0.088443264	5.124937e-08	-5.327165e-06	-1.100716e-08	3.172812	2.8352087	0.50524	0.0	102032.8047568798
235	0.58576	0.49259034	1.0	0.0	1.0	0.57727236	0.90298754	1.9926548	-0.002643047	5900000	-0.090650566	4.9904283e-08	-5.5879354e-07	4.9859267e-05	3.3500993	3.0005076	0.52936	0.0	102298.34300708771
236	0.59496	0.4908998	1.0	0.0	1.0	0.5874797	0.9088661	2.0017056	-0.002645053	5925000	-0.08898028	5.050384e-05	-8.34465e-07	-5.0464754e-05	3.273513	2.9322903	0.51928	0.0	102564.41011786461
237	0.5808	0.49342817	1.0	0.0	1.0	0.56932086	0.89933234	1.9927464	-0.0037305038	5950000	-0.09252211	5.1571504e-08	-1.2241304e-05	3.1623236e-05	3.3704338	3.0263813	0.53768	0.0	102830.01095581055
238	0.59128	0.49159735	1.0	0.0	1.0	0.58254486	0.9064878	2.00119	-0.005182525	5975000	-0.08995724	3.1526324e-05	-2.323836e-05	-3.1486765e-05	3.2838113	2.9449935	0.52368	0.0	103095.67985510826
239	0.60528	0.48879045	1.0	0.0	1.0	0.5940224	0.9104416	1.9924306	-0.002691647	6000000	-0.086818494	4.366273e-08	-0.00010088086	5.954346e-06	3.1888375	2.8631594	0.50524	0.0	103360.90592908859
240	0.5796	0.49362314	1.0	0.0	1.0	0.5712453	0.90045065	1.9954507	-0.001995461	6025000	-0.08947057	5.7614307e-06	-3.170967e-05	-5.724503e-06	3.3832862	3.0456693	0.53172	0.0	103655.58190488815
241	0.59872	0.49015746	1.0	0.0	1.0	0.5862177	0.90700567	1.992555	-0.002806319	6050000	-0.09202674	4.105632e-08	-1.8902123e-05	-4.0750834e-09	3.2604563	2.9264197	0.52136	0.0	103922.16709947586
242	0.59796	0.4903099	1.0	0.0	1.0	0.58497834	0.90628904	1.9929705	-0.0016760807	6075000	-0.089185745	4.213547e-08	-1.8924475e-05	-2.9002543e-09	3.2694006	2.940225	0.51804	0.0	104188.54577374458
243	0.60296	0.4892844	1.0	0.0	1.0	0.5894479	0.90847373	1.9934747	-0.0027128924	6100000	-0.08897211	4.9954696e-08	-1.2949109e-05	-1.5665847e-08	3.2343438	2.9008782	0.50832	0.0	104473.07215285301
244	0.56576	0.49565673	1.0	0.0	1.0	0.5566081	0.89304405	1.9924201	-0.002933422	6125000	-0.0920218	4.3226507e-08	-2.848357e-05	-7.618141e-09	3.5257175	3.171163	0.55284	0.0	104739.05791568756
245	0.58844	0.4921162	1.0	0.0	1.0	0.57486826	0.9019283	1.991935	-0.0028403886	6150000	-0.08747502	3.930632e-08	-0.00031933188	-3.049756e-10	3.3528454	3.0144875	0.5268	0.0	105121.8094034195
246	0.60184	0.48951876	1.0	0.0	1.0	0.5892739	0.90841424	1.9928066	-0.0021548942	6175000	-0.09015362	4.7187296e-08	-2.9928982e-05	-1.0945971e-08	3.266652	2.9462807	0.51028	0.0	105726.06946849823
247	0.59712	0.49047703	1.0	0.0	1.0	0.5830116	0.9054742	1.9939129	-0.0020514913	6200000	-0.09109672	4.500161e-08	-5.8934093e-06	3.4953446e-05	3.3230422	2.9948006	0.51988	0.0	106423.19970273972
248	0.58	0.4935585	1.0	0.0	1.0	0.57290566	0.9015744	1.9991875	-0.0019922275	6225000	-0.091980085	3.4252058e-05	3.46452e-06	-3.4217872e-05	3.4723594	3.1222975	0.54152	0.0	106912.32760715485
249	0.58716	0.4923445	1.0	0.0	1.0	0.57452273	0.9017053	1.9927571	-0.0024114903	6250000	-0.09046217	4.045436e-08	-3.285706e-06	1.2742533e-05	3.414702	3.0610197	0.5266	0.0	107528.24468708038
250	0.58944	0.49193546	1.0	0.0	1.0	0.57682776	0.90309036	1.9968287	-0.0020578597	6275000	-0.088385954	1.2712078e-05	-1.527369e-05	-1.2675773e-05	3.4097934	3.07001	0.52392	0.0	108148.54666757584
251	0.57016	0.49505308	1.0	0.0	1.0	0.55927503	0.89446217	1.9932371	-0.003434047	6300000	-0.09333472	4.7313375e-08	-2.4691224e-05	-1.3833919e-08	3.577574	3.2221632	0.55516	0.0	109027.44834041595
252	0.61168	0.487368	1.0	0.0	1.0	0.599058	0.91284275	1.9924023	-0.0037082937	6325000	-0.08907708	3.452531e-08	5.4240227e-06	6.960387e-08	3.2423	2.9154296	0.4984	0.0	110042.28871321678
253	0.59512	0.4908688	1.0	0.0	1.0	0.583882	0.9055643	1.9937918	-0.0019940846	6350000	-0.090323634	1.2136333e-07	-1.706183e-06	-6.111181e-08	3.3784022	3.036285	0.51952	0.0	110588.96454572678
254	0.60352	0.48916626	1.0	0.0	1.0	0.5892371	0.9080851	1.993056	-0.0023693405	6375000	-0.091525085	7.098763e-08	-3.0621886e-06	-1.8327814e-08	3.3186703	2.97065	0.51504	0.0	111210.52926206589
255	0.60648	0.4885305	1.0	0.0	1.0	0.59561425	0.91108096	1.9924787	-0.0026010368	6400000	-0.090990566	5.965956e-08	-4.7162175e-06	-1.3723291e-08	3.2964818	2.9592774	0.50996	0.0	111847.16310429573
256	0.5736	0.49455342	1.0	0.0	1.0	0.5623633	0.89563096	1.9928039	-0.0033368059	6425000	-0.03127126	6.180711e-08	-0.0001254864	-1.4123909e-08	3.5752568	3.2240343	0.5414	0.0	112330.0048213005
257	0.57488	0.4943612	1.0	0.0	1.0	0.56661236	0.8977495	1.9941257	-0.0026107747	6450000	-0.09099597	5.5728805e-08	5.1409006e-06	-1.078665e-08	3.5596182	3.184209	0.54264	0.0	112575.8311252594
258	0.58876	0.49205863	1.0	0.0	1.0	0.5766061	0.9025334	1.9925462	-0.003054319	6475000	-0.09187457	4.8572744e-08	3.5613775e-06	-8.322967e-09	3.4746075	3.1214538	0.52996	0.0	112825.96646404266
259	0.6086	0.48806354	1.0	0.0	1.0	0.59440374	0.9107086	1.9926183	-0.0023480188	6500000	-0.09018396	4.5821558e-08	2.4959445e-06	-8.164179e-09	3.3044724	2.953803	0.50512	0.0	113079.68301582336
260	0.60016	0.48986527	1.0	0.0	1.0	0.5876104	0.9075681	1.9924355	-0.002207715	6525000	-0.090626076	4.4667857e-08	-1.0572374e-05	-8.648282e-09	3.3891594	3.0350993	0.51608	0.0	113367.53508019447
261	0.6012	0.48965144	1.0	0.0	1.0	0.58878136	0.9080344	1.9921818	-0.002976479	6550000	-0.0904792	4.2975152e-08	-3.1590462e-06	2.8378665e-08	3.3752782	3.0140738	0.51396	0.0	119123.54860830307
262	0.58664	0.4924363	1.0	0.0	1.0	0.574588	0.90154546	1.9935019	-0.0034498181	6575000	-0.09018105	7.5339294e-08	-2.95043e-06	-4.045326e-08	3.4731882	3.1120622	0.52592	0.0	119363.49915742874
263	0.6002	0.4898571	1.0	0.0	1.0	0.5835342	0.90572906	1.9923192	-0.0022944883	6600000	-0.091098525	3.9856918e-08	-7.7188015e-06	1.8725043e-08	3.3836033	3.02151	0.51768	0.0	119603.50150203705
264	0.5898	0.4918699	1.0	0.0	1.0	0.5781273	0.9032366	1.9924852	-0.0024462994	6625000	-0.09123961	6.595087e-08	-1.1458993e-05	-3.0614867e-08	3.480514	3.1278872	0.52444	0.0	119841.43842148781
265	0.59904	0.49009293	1.0	0.0	1.0	0.5843707	0.906113	1.9922594	-0.0022985525	6650000	-0.0898253	4.1054694e-08	-8.396804e-06	-7.648229e-09	3.4039848	3.0507832	0.51144	0.0	122676.95617675781
266	0.59892	0.49011713	1.0	0.0	1.0	0.588315	0.90781593	1.9920242	-0.0024406128	6675000	-0.08132727	3.8685886e-08	-2.630055e-06	-6.4421144e-09	3.4030788	3.0451093	0.5104	0.0	122916.69921565056
267	0.59448	0.49099243	1.0	0.0	1.0	0.5844982	0.9061836	1.9924444	-0.0025626086	6700000	-0.090658866	3.7901387e-08	-1.1503696e-05	2.1312648e-08	3.458282	3.0930288	0.52144	0.0	123156.50415468216
268	0.60336	0.4892001	1.0	0.0	1.0	0.59500295	0.9109599	1.9929885	-0.0022016633	6725000	-0.08832082	6.4126596e-08	-1.4029443e-05	-3.134345e-08	3.3729424	3.026818	0.5046	0.0	123396.55938792229
