Epoch	AverageEpRet	StdEpRet	MaxEpRet	MinEpRet	EpLen	AverageVVals	StdVVals	MaxVVals	MinVVals	TotalEnvInteracts	LossPi	LossV	DeltaLossPi	DeltaLossV	Entropy	KL	ClipFrac	StopIter	Time
0	10.636168	4.7040496	26.742596	-3.9472115	10.0	0.07175175	0.14165181	0.81157506	-0.70215166	25000	0.034572694	51.11162	-0.18404567	-38.06189	1.5666444	0.24908875	0.89124	99.0	1675.5111842155457
1	10.390722	4.4730253	25.43717	-6.0549207	10.0	4.728781	1.4617555	11.080578	-1.1685383	50000	-0.04997729	44.90178	-0.064102456	-27.45834	1.8848753	0.486117	0.90172	99.0	3316.976795911789
2	10.748226	4.6350894	27.962952	-5.5664124	10.0	9.798973	1.6269422	15.936684	4.1896467	75000	-0.03308324	42.61667	-0.088717386	-26.37941	1.8156897	1.0748575	0.88408	99.0	4938.03458237648
3	9.828864	4.8561373	26.198008	-5.199765	10.0	14.779562	1.7773919	21.991646	7.476169	100000	0.0019549315	35.027775	-0.11036986	-18.563017	2.2592952	1.3374276	0.75708	99.0	6556.508017778397
4	9.630329	4.958246	26.39662	-5.608517	10.0	18.23648	2.1755562	27.655636	11.97726	125000	1.2904619	32.501396	-1.377059	-16.091654	2.1260993	1.5130012	0.67656	99.0	8176.862683296204
5	10.484172	4.979713	30.72284	-4.633543	10.0	21.053192	3.2500842	31.484167	14.144575	150000	0.06551573	33.13354	-0.15476574	-16.807276	1.8922774	1.4359443	0.63752	99.0	9799.610507965088
6	10.690919	5.1098166	33.599274	-7.350201	10.0	24.10914	3.4799657	35.578632	18.49088	175000	0.2386545	23.675295	-0.3286879	-7.967372	1.915034	1.681685	0.68156	99.0	11410.057725667953
7	10.719822	5.2561336	29.822134	-11.570858	10.0	26.912886	3.450228	39.464302	18.632599	200000	0.09510831	24.646206	-0.18146954	-9.493766	2.073688	1.8565787	0.64472	99.0	13020.961788892746
8	9.489166	4.8097754	27.822819	-5.5489526	10.0	27.780312	3.8262293	42.449314	21.078325	225000	0.23475148	18.792227	-0.32444644	-3.923602	2.41397	2.1161902	0.68024	99.0	14624.206081151962
9	10.363871	4.8331203	27.396309	-5.112148	10.0	29.023216	4.7003403	46.64201	20.928167	250000	-0.035016425	19.884874	-0.05303596	-5.6168594	2.3352382	2.4092698	0.63288	99.0	16217.549618005753
10	10.313875	5.0560727	26.067968	-5.333351	10.0	29.323858	4.8944874	45.73153	22.30974	275000	-0.034501117	18.3303	-0.049279954	-4.4998446	2.7948477	2.725585	0.61728	99.0	17816.921030044556
11	10.064554	4.68542	25.223242	-5.508903	10.0	30.177258	5.1620398	48.100502	21.425888	300000	0.90675193	18.341309	-0.9802352	-4.555806	3.1298819	2.8724518	0.57996	99.0	19407.78079867363
12	10.561908	5.114387	30.293135	-7.238942	10.0	32.274162	4.1995373	49.333073	23.849804	325000	-0.0482027	20.955502	-0.029329695	-6.4004	3.193182	2.9452388	0.57308	99.0	21000.91567516327
13	10.559794	4.9020367	27.892504	-6.416287	10.0	32.597633	5.6478353	51.47049	22.964115	350000	0.07381833	19.51799	-0.14641193	-5.402319	3.2274787	2.8795507	0.56492	99.0	22588.94154214859
14	10.796128	5.0614605	29.464878	-6.2733703	10.0	34.578438	5.006652	53.687904	24.757063	375000	-0.05350816	20.518244	-0.024546195	-6.689041	3.0418918	2.4921136	0.56264	99.0	24170.255525112152
15	10.460205	4.8773017	25.601603	-12.132856	10.0	35.029465	5.212302	53.74672	23.099926	400000	-0.034991007	17.913933	-0.046430875	-5.2344856	2.7506335	2.1417327	0.57888	99.0	25759.6164624691
16	9.598303	5.026907	27.420317	-8.809097	10.0	35.63099	5.4947033	56.50431	25.22938	425000	-0.038922444	18.862535	-0.041687906	-5.020278	2.596665	2.2243352	0.57908	99.0	27344.87707543373
17	9.747639	4.8194323	26.30756	-5.9942217	10.0	36.816643	5.586884	56.011887	21.374714	450000	-0.050195757	19.665228	-0.035018172	-6.68007	2.5066743	2.4787416	0.5978	99.0	28924.224771499634
18	10.242207	4.80422	27.210052	-5.6934514	10.0	37.703495	6.590643	58.91427	27.854017	475000	18.96733	22.310558	-19.02238	-9.445067	2.53097	2.628835	0.5902	99.0	30496.27222442627
19	10.803716	4.5571604	27.840105	-3.7064784	10.0	39.460667	7.7643065	60.05032	25.98754	500000	-0.009725884	18.846277	-0.03286145	-6.9370775	3.2367737	3.28196	0.62172	99.0	32080.724035978317
20	9.685399	4.8488784	29.163662	-6.3486686	10.0	40.823917	7.665793	61.691235	27.85483	525000	0.0142091215	20.090488	-0.06393768	-6.8528223	3.455236	3.0819306	0.59564	99.0	33674.99878191948
21	10.177437	4.9720798	26.458944	-6.3838687	10.0	45.005695	6.110184	63.143463	30.905159	550000	0.0021365234	18.76262	-0.054190215	-5.8069344	3.2934763	2.9574819	0.58748	99.0	35262.93986368179
22	11.294215	5.0143943	26.18928	-5.909527	10.0	47.283123	6.428794	70.63293	34.92205	575000	3.627979	20.162266	-3.630816	-7.2066183	3.0137007	4.250977	0.6432	99.0	36839.99540400505
23	10.447511	4.852885	29.757738	-5.5392966	10.0	49.511387	5.6860533	67.346954	34.944347	600000	0.011771748	18.574848	-0.023663113	-6.9303503	3.864683	3.1275654	0.63812	99.0	38423.143584251404
24	10.601848	5.0676684	32.03512	-5.9634147	10.0	52.35362	5.9638705	73.85699	36.085384	625000	-0.009560604	19.870022	-0.012139896	-7.381259	3.0888755	2.869323	0.60328	99.0	40007.818177461624
25	9.990984	4.716614	28.150349	-5.701107	10.0	50.18756	7.3285036	73.197556	32.311653	650000	0.0018929187	18.250288	-0.028456083	-5.8761034	3.1596518	2.943615	0.5962	99.0	41597.82135057449
26	10.711398	4.9338484	30.905024	-4.871748	10.0	51.361973	7.6824417	73.62103	31.962898	675000	-0.032171827	17.404087	-0.013368666	-4.95887	2.89587	2.684671	0.57696	99.0	43182.11014151573
27	11.259164	4.962207	27.88415	-5.125554	10.0	52.82358	8.684691	77.37407	34.494167	700000	-0.0057136756	20.75183	-0.022174742	-7.782854	3.2577474	3.1072357	0.59376	99.0	44765.06334042549
28	9.677729	5.0680156	26.85599	-5.87502	10.0	54.535942	7.943231	78.06853	33.62516	725000	-0.028110078	20.004604	-0.0060328823	-7.395791	3.395664	2.9265084	0.57844	99.0	46354.04797577858
29	9.668558	4.858381	28.875004	-7.090259	10.0	54.723877	8.53491	80.03147	32.088688	750000	-0.006121941	18.284414	-0.011205243	-6.074499	3.1670663	2.6578703	0.56588	99.0	47940.90315771103
30	10.203753	4.792796	24.388971	-6.88745	10.0	56.127377	8.361218	79.47868	35.315933	775000	-0.021225346	18.750256	-0.023476964	-5.9435577	2.546892	2.3366172	0.57112	99.0	49538.124831438065
31	10.331048	4.868366	31.048311	-5.6831675	10.0	58.513218	8.883855	86.01626	35.42087	800000	-0.032391354	19.88475	-0.020524513	-6.803645	2.8461912	2.57219	0.57684	99.0	51122.06378674507
32	10.430826	4.964061	31.718485	-10.39403	10.0	58.81583	9.990861	86.59435	36.92829	825000	0.040391136	20.187834	-0.026080798	-7.6886435	2.884104	2.578793	0.58284	99.0	52713.35115027428
33	10.211309	5.2772574	29.284456	-7.388288	10.0	59.00366	10.696558	86.31733	36.08948	850000	-0.016139297	20.151512	-0.03996162	-6.65969	3.0630374	2.1888077	0.53824	99.0	54303.142889499664
34	10.022925	4.8555794	30.898443	-4.8435035	10.0	60.760685	10.317735	88.69788	35.622086	875000	-0.011176738	18.923845	-0.06084693	-6.158867	2.4570014	2.6072528	0.58428	99.0	55888.320385694504
35	9.208472	5.1519384	27.53726	-10.036995	10.0	62.657665	8.664545	91.98629	42.485165	900000	-0.03564919	19.024828	-0.031702127	-6.7940626	2.8071718	2.384687	0.58288	99.0	57470.66339635849
36	10.7993765	4.821611	27.46992	-4.0822067	10.0	65.51524	9.490665	91.57364	43.13611	925000	-0.033776265	20.725159	-0.039700974	-7.5357237	2.4619293	2.1280148	0.58256	99.0	59051.32973074913
37	10.058969	5.062977	28.421194	-6.551863	10.0	66.930695	8.938911	94.00238	43.628742	950000	-0.042391337	18.419521	-0.032289803	-6.190159	2.5296144	2.1829617	0.58192	99.0	60638.91819310188
38	9.644664	5.2710657	30.746876	-6.60152	10.0	67.65125	8.959214	99.283516	41.55297	975000	-0.035250608	20.13302	-0.028832566	-7.953333	2.5983489	2.258069	0.58236	99.0	62210.16609144211
39	11.125672	4.825035	29.109673	-4.6406636	10.0	67.33941	10.721195	99.347786	45.984146	1000000	-0.017554283	19.616877	-0.05349107	-7.7905188	2.3151534	2.3564074	0.58436	99.0	63789.60096406937
40	9.692826	4.7179213	24.20913	-8.010079	10.0	67.42507	10.189298	100.23596	44.584187	1025000	-0.04320667	17.152039	-0.022547409	-6.3793907	2.679743	2.2045681	0.56592	99.0	65384.16138505936
41	9.2429285	5.0032735	30.25622	-9.756817	10.0	67.09754	10.286484	100.225945	40.91418	1050000	-0.048493065	18.351582	-0.024498343	-6.5756264	2.5275664	2.1057622	0.5654	99.0	66961.11761641502
42	10.304931	4.6997337	26.981327	-6.9015174	10.0	68.53791	10.9452505	100.653145	44.630093	1075000	0.0125479	19.109058	-0.07827485	-7.3309555	2.3671062	2.5543025	0.57936	99.0	68544.80835008621
43	10.204023	4.724956	31.426414	-6.9427767	10.0	69.80343	11.477731	102.59954	48.60512	1100000	-0.052904777	18.009382	-0.01924242	-6.0894995	2.530169	2.3473303	0.52332	99.0	70122.97789287567
44	10.618154	5.1235785	30.330664	-4.9759727	10.0	70.88262	11.402815	105.57041	48.892532	1125000	-0.029568838	20.592728	-0.03509271	-7.8663673	2.46808	2.077954	0.51844	99.0	71707.35033512115
45	10.567731	5.1257434	26.464792	-6.6429276	10.0	73.55628	10.071421	107.721245	49.93156	1150000	0.024125742	18.38223	-0.08982761	-6.4227085	2.2561524	2.2323592	0.52796	99.0	73285.08653712273
46	10.484419	4.8166437	29.705305	-6.1763163	10.0	72.72359	11.334244	106.72001	49.45265	1175000	-0.022449387	20.351114	-0.043402337	-7.829898	2.4681914	2.1511693	0.53152	99.0	74864.37918305397
47	9.536683	4.683395	27.997395	-6.0693355	10.0	71.301605	11.127292	109.55889	47.407627	1200000	-0.04560238	20.048878	-0.016652297	-8.836954	2.3255703	1.9570222	0.52856	99.0	76439.89401769638
48	10.401956	5.098022	29.177841	-7.386988	10.0	73.71347	12.435298	112.3314	47.513634	1225000	-0.018608091	18.337172	-0.05220508	-6.1855764	2.1197457	1.9935297	0.53348	99.0	78012.79174256325
49	10.572373	4.886005	28.901812	-6.720443	10.0	73.1603	12.5845785	112.391106	46.257572	1250000	-0.03921111	20.366993	-0.024405189	-7.9783554	2.1398342	1.8743632	0.53208	99.0	79586.16181111336
50	10.79613	5.1957927	32.813557	-4.4534116	10.0	72.94614	12.996427	115.34245	46.663822	1275000	-0.051292013	21.557648	-0.018152919	-9.94327	1.9373708	1.7288722	0.53292	99.0	81168.09796619415
51	9.799989	4.846251	25.25855	-5.962509	10.0	73.64653	12.974062	116.709366	48.625374	1300000	0.20290297	20.246197	-0.26925847	-8.329609	2.0521567	1.9410758	0.52876	99.0	82749.49612283707
52	10.395039	5.2555714	27.330355	-5.143533	10.0	74.16845	13.909746	116.515686	50.878727	1325000	-0.02054921	19.647787	-0.046691574	-7.3720617	1.9580472	1.6473547	0.51928	99.0	84330.05344724655
53	9.522016	4.876789	35.190937	-5.9586377	10.0	74.613625	12.259747	116.85996	53.786514	1350000	-0.019116923	19.694103	-0.04551205	-7.6194506	1.9879178	1.9097297	0.55856	99.0	85912.46331310272
54	9.242008	4.8380585	24.786371	-6.952697	10.0	78.87006	11.375012	121.02271	57.54668	1375000	0.012031625	21.074303	-0.08265332	-7.7117605	2.4280212	2.33917	0.56168	99.0	87502.87011194229
55	10.131814	4.4406796	24.29247	-5.8107057	10.0	80.4342	11.518727	119.897575	64.62156	1400000	-0.047758203	16.669382	-0.03565259	-5.616337	2.6540356	2.4309406	0.587	99.0	89076.89321994781
56	10.283157	5.360984	27.219603	-7.1263423	10.0	81.443245	12.097263	124.72883	64.21715	1425000	-0.032382425	21.156296	-0.049619604	-7.360153	2.7083716	2.4785712	0.59072	99.0	90656.56144690514
57	10.401979	4.6285625	25.738754	-7.3612013	10.0	83.41531	10.440479	124.81234	65.178856	1450000	-0.018289296	24.559122	-0.060100056	-11.604384	2.5564492	2.0864441	0.55824	99.0	92234.07124400139
58	10.237964	4.645319	26.226418	-7.099384	10.0	85.11569	10.2999735	124.329575	66.31978	1475000	-0.06530346	19.38729	-0.00921905	-6.977318	2.315159	1.9809232	0.5472	99.0	93818.33039021492
59	10.452141	4.94666	28.583235	-10.666851	10.0	88.3343	8.87292	128.26353	68.33164	1500000	0.4069339	21.304754	-0.47999454	-8.318837	2.27302	2.2562127	0.56004	99.0	95394.3281879425
60	10.286757	4.943259	29.235258	-6.510857	10.0	88.11443	8.567014	124.37953	65.60294	1525000	-0.04659204	18.987194	-0.026286453	-6.9623537	2.4952657	2.2024002	0.57096	99.0	96981.27757000923
61	10.583208	4.9371696	27.320004	-5.7364297	10.0	89.0569	8.984246	129.03311	66.658066	1550000	-0.0630866	18.689758	-0.013360962	-6.0826883	2.5483844	2.1248894	0.58264	99.0	98560.11395597458
62	10.404819	4.7783713	33.101295	-8.731203	10.0	89.33143	8.312979	132.1457	66.33192	1575000	0.7202978	21.857445	-0.78574544	-8.45728	2.46679	3.0094032	0.59792	99.0	100131.15948534012
63	10.771677	5.0949883	28.93004	-7.117143	10.0	91.434105	9.578251	132.81577	67.29034	1600000	-0.025118643	19.928389	-0.03829606	-7.3354883	4.2020974	3.7335887	0.5826	99.0	101703.0597088337
64	10.03093	4.8218255	27.458288	-6.305962	10.0	92.048386	7.8822107	129.97351	67.81093	1625000	-0.027617153	22.83584	-0.044982214	-8.908574	5.4193954	4.38212	0.5958	99.0	103283.32369661331
65	9.378737	4.795612	23.921434	-8.674741	10.0	93.48462	7.478434	126.046486	68.316956	1650000	-0.0032123632	20.041668	-0.06013015	-6.9647417	4.7969146	3.904045	0.5956	99.0	104866.67345404625
66	10.403644	5.0941167	29.89751	-4.930173	10.0	94.67394	8.711778	136.15198	70.45778	1675000	0.027788803	20.194302	-0.10014445	-6.347471	4.0308795	3.7177868	0.59312	99.0	106462.85660815239
67	10.1376295	4.9170647	29.914486	-6.978725	10.0	95.073074	7.5790854	136.14117	67.97063	1700000	-0.042048037	19.312763	-0.028181411	-6.5539284	3.9898455	3.5660644	0.56804	99.0	108080.40939998627
68	10.871317	5.0323076	32.174103	-7.770829	10.0	95.55419	9.033892	133.43633	69.763176	1725000	-0.054755464	21.001286	-0.01923301	-8.452258	3.413379	3.101845	0.55292	99.0	109723.08592247963
69	10.1319275	5.1160774	27.861795	-5.4981294	10.0	92.80545	10.161014	130.98088	65.16035	1750000	-0.055158038	22.96645	-0.020718936	-9.037552	3.5917685	3.0239387	0.58212	99.0	111386.09489941597
70	10.960862	5.0117593	31.18966	-5.7047634	10.0	92.195786	11.151132	134.30946	60.217438	1775000	-0.051767524	20.872223	-0.025368217	-7.3784256	3.185806	2.9546106	0.57816	99.0	113059.47101902962
71	9.678493	4.9247503	27.661757	-8.164683	10.0	90.20273	10.116885	125.85208	61.03374	1800000	0.042008847	21.436195	-0.11754133	-8.119139	3.3850384	3.2502506	0.58064	99.0	114703.3808825016
72	10.4904	5.25481	28.378267	-6.6342316	10.0	90.53148	11.269596	136.73856	61.500774	1825000	-0.06072574	22.320358	-0.014804758	-8.358721	3.569143	3.138061	0.54636	99.0	116357.84061098099
73	10.240976	4.8293896	27.504667	-7.6407585	10.0	91.024414	9.704558	133.87657	65.53913	1850000	-0.03941844	22.61818	-0.035725836	-9.136806	3.4068582	3.1349487	0.55796	99.0	118004.7809972763
74	10.528298	4.907171	25.946608	-6.424481	10.0	90.5944	10.753389	134.34003	66.01221	1875000	-0.041951507	20.062378	-0.034488432	-7.1667433	3.2651088	3.0755093	0.55152	99.0	119657.46174526215
